-40.0  334274 33.427   4.92 -6.63 0.74 317833 350716
-35.0  241323 24.132   4.73 -6.41 0.74 229899 252747
-30.0  176133 17.613   4.56 -6.19 0.74 168106 184159
-25.0  129900 12.990   4.39 -5.99 0.73 124201 135599
-20.0   96761 9.6761   4.22 -5.79 0.73  92674 100848
-15.0   72765 7.2765   4.07 -5.61 0.73  69806  75724
-10.0   55218 5.5218   3.92 -5.43 0.72  53056  57380
 -5.0   42268 4.2268   3.77 -5.26 0.72  40674  43861
  0.0   32624 3.2624   3.63 -5.10 0.71  31440  33809
  5.0   25381 2.5381   3.49 -4.94 0.71  24494  26268
 10.0   19897 1.9897   3.36 -4.80 0.70  19227  20566
 15.0   15711 1.5711   3.24 -4.65 0.70  15202  16220
 20.0   12493 1.2493   3.12 -4.52 0.69  12103  12882
 25.0   10000 1.00000  3.00 -4.39 0.68 9700.0  10300
 30.0  8056.0 0.80560  3.11 -4.26 0.73 7805.1 8306.8
 35.0  6529.7 0.65297  3.22 -4.14 0.78 6319.3 6740.2
 40.0  5323.9 0.53239  3.33 -4.03 0.83 5146.6 5501.1
 45.0  4365.3 0.43653  3.43 -3.92 0.88 4215.4 4515.1
 50.0  3598.7 0.35987  3.53 -3.81 0.93 3471.6 3725.8
 55.0  2982.3 0.29823  3.63 -3.71 0.98 2874.0 3090.5
 60.0  2483.8 0.24838  3.72 -3.61 1.03 2391.3 2576.3
 65.0  2078.7 0.20787  3.81 -3.51 1.09 1999.4 2157.9
 70.0  1747.7 0.17477  3.90 -3.42 1.14 1679.5 1815.9
 75.0  1475.9 0.14759  3.99 -3.34 1.20 1417.1 1534.8
 80.0  1251.8 0.12518  4.07 -3.25 1.25 1200.8 1302.8
 85.0  1066.1 0.10661  4.15 -3.17 1.31 1021.8 1110.4
 90.0  911.59 0.091159 4.23 -3.09 1.37 873.01 950.16
 95.0  782.46 0.078246 4.31 -3.02 1.43 748.75 816.17
100.0  674.11 0.067411 4.38 -2.94 1.49 644.56 703.66
105.0  582.84 0.058284 4.46 -2.87 1.55 556.87 608.82